http://dbpedia.org/property/placeOfDeath 3 1;0.72414 2;0.20690 3;0.06897
http://dbpedia.org/property/awards 10 1;0.68360 2;0.17005 3;0.07114 4;0.02710 5;0.01965 6;0.01287 7;0.00542 8;0.00678 9;0.00203 10;0.00136
http://dbpedia.org/property/legistorm 0
http://dbpedia.org/property/branch 4 1;0.83594 2;0.14062 3;0.01823 4;0.00521
http://dbpedia.org/property/ethnicity 10 1;0.92790 2;0.05731 3;0.00985 4;0.00233 5;0.00130 6;0.00052 7;0.00026 9;0.00026 10;0.00026
http://dbpedia.org/property/homeTown 3 1;0.41477 2;0.42235 3;0.16288
http://dbpedia.org/property/patronage 23 1;0.63563 2;0.23077 3;0.07287 4;0.02429 5;0.01012 6;0.01012 7;0.00405 8;0.00405 10;0.00202 16;0.00202 21;0.00202 23;0.00202
http://dbpedia.org/property/coordinatesRegion 1 1;1.00000
http://dbpedia.org/property/ballot 0
http://dbpedia.org/property/religion 9 1;0.91770 2;0.04706 3;0.02060 4;0.00914 5;0.00366 6;0.00061 7;0.00098 8;0.00012 9;0.00012
http://dbpedia.org/property/unit 6 1;0.96988 2;0.02711 6;0.00301
http://dbpedia.org/property/colors 6 1;0.44936 2;0.38306 3;0.14180 4;0.02026 5;0.00368 6;0.00184
http://dbpedia.org/property/warsAndBattles 5 1;0.62162 2;0.16216 3;0.08108 4;0.10811 5;0.02703
http://dbpedia.org/property/relations 5 1;0.75758 2;0.15152 3;0.04040 4;0.04040 5;0.01010
http://dbpedia.org/property/currentteam 1 1;1.00000
http://dbpedia.org/property/audioFormat 4 1;0.92780 2;0.06498 3;0.00361 4;0.00361
http://dbpedia.org/property/majority 4 1;0.45429 2;0.40000 3;0.12000 4;0.02571
http://dbpedia.org/property/shortDescription 0
http://dbpedia.org/property/placeOfBirth 3 1;0.33333 2;0.61111 3;0.05556
http://dbpedia.org/property/hongkongfilmwards 0
http://dbpedia.org/property/distributor 3 1;0.82222 2;0.13333 3;0.04444
http://dbpedia.org/property/ssManufacturers 5 1;0.58772 2;0.24561 3;0.11404 4;0.04386 5;0.00877
http://dbpedia.org/property/mapCaption 22 1;0.93301 2;0.03349 4;0.01914 5;0.00478 12;0.00478 22;0.00478
http://dbpedia.org/property/office 16 1;0.70809 2;0.23121 3;0.03372 4;0.01445 5;0.00674 6;0.00096 7;0.00096 8;0.00096 12;0.00096 14;0.00096 16;0.00096
http://dbpedia.org/property/nationality 5 1;0.96434 2;0.03336 3;0.00161 4;0.00046 5;0.00023
http://dbpedia.org/property/ministerFrom 0
http://dbpedia.org/property/debutworks 0
http://dbpedia.org/property/attributes 7 1;0.69231 2;0.22650 3;0.04274 4;0.02564 5;0.00427 6;0.00427 7;0.00427
http://dbpedia.org/property/beatifiedPlace 2 1;0.18333 2;0.81667
http://dbpedia.org/property/adminTeams 1 1;1.00000
http://dbpedia.org/property/imageMap 2 1;0.91304 2;0.08696
http://dbpedia.org/property/second 35 1;0.92241 2;0.07345 3;0.00301 35;0.00038 5;0.00038 30;0.00038
http://dbpedia.org/property/hansard 0
http://dbpedia.org/property/before 11 1;0.91192 2;0.06766 3;0.01285 4;0.00339 5;0.00219 6;0.00070 7;0.00050 8;0.00030 9;0.00010 10;0.00030 11;0.00010
http://dbpedia.org/property/rank 6 1;0.95514 2;0.04201 3;0.00265 4;0.00010 6;0.00010
http://dbpedia.org/property/province 38 1;0.98087 2;0.01500 3;0.00131 4;0.00131 5;0.00056 6;0.00056 7;0.00019 38;0.00019
http://dbpedia.org/property/leaderTitle 7 1;0.92933 2;0.05300 3;0.01413 7;0.00353
http://dbpedia.org/property/deathCause 2 1;0.97615 2;0.02385
http://dbpedia.org/property/commands 2 1;0.77778 2;0.22222
http://dbpedia.org/property/description 74 1;0.69888 2;0.13755 3;0.03717 4;0.01487 5;0.00372 6;0.00743 7;0.00372 8;0.00372 9;0.00372 10;0.00743 11;0.01859 12;0.00372 13;0.00743 14;0.00743 15;0.00743 16;0.00743 18;0.00372 23;0.00372 26;0.00372 43;0.00372 46;0.00372 48;0.00372 60;0.00372 74;0.00372
http://dbpedia.org/property/candidate 177 1;0.33055 2;0.19134 3;0.10576 4;0.06886 5;0.04083 6;0.04181 7;0.03345 8;0.02410 9;0.01672 10;0.01525 11;0.01033 12;0.01082 13;0.00885 14;0.01181 15;0.01377 16;0.00443 17;0.00984 18;0.00590 19;0.00836 20;0.00738 21;0.00394 22;0.00443 23;0.00394 24;0.00394 25;0.00246 26;0.00295 27;0.00148 28;0.00098 29;0.00148 30;0.00148 31;0.00049 32;0.00197 33;0.00098 34;0.00049 35;0.00148 36;0.00049 37;0.00049 38;0.00049 161;0.00049 40;0.00098 41;0.00049 45;0.00049 46;0.00049 47;0.00049 177;0.00049 50;0.00049 56;0.00049 60;0.00049 107;0.00049
http://dbpedia.org/property/counties 24 1;0.70774 2;0.16877 3;0.05538 4;0.02842 5;0.01494 6;0.00776 7;0.00483 8;0.00483 9;0.00146 10;0.00220 11;0.00146 12;0.00029 13;0.00029 14;0.00088 15;0.00044 16;0.00015 24;0.00015
http://dbpedia.org/property/chancellor 6 1;0.78351 2;0.14948 3;0.03093 4;0.02577 5;0.00515 6;0.00515
http://dbpedia.org/property/restingPlace 5 1;0.68099 2;0.20887 3;0.07589 4;0.02955 5;0.00470
http://dbpedia.org/property/settlementType 1 1;1.00000
http://dbpedia.org/property/department 7 1;0.94857 2;0.04653 3;0.00327 7;0.00163
http://dbpedia.org/property/legislature 4 1;0.98502 2;0.01217 3;0.00187 4;0.00094
http://dbpedia.org/property/winningcounties 3 1;0.94737 3;0.05263
http://dbpedia.org/property/composer 20 1;0.96204 2;0.03276 3;0.00260 4;0.00104 5;0.00052 16;0.00052 20;0.00052
http://dbpedia.org/property/as 18 1;0.72966 2;0.18273 3;0.07134 4;0.00876 5;0.00501 6;0.00125 18;0.00125
http://dbpedia.org/property/governor 11 1;0.93562 2;0.03433 3;0.02146 4;0.00429 11;0.00429
http://dbpedia.org/property/themeMusicComposer 2 1;0.80000 2;0.20000
http://dbpedia.org/property/partner 15 1;0.72761 2;0.11940 3;0.05224 4;0.04478 5;0.00373 6;0.01866 7;0.01493 8;0.00373 9;0.00746 13;0.00373 15;0.00373
http://dbpedia.org/property/birthPlace 7 1;0.73767 2;0.23964 3;0.02212 4;0.00049 5;0.00004 7;0.00004
http://dbpedia.org/property/endtheme 1 1;1.00000
http://dbpedia.org/property/predecessor 107 1;0.89918 2;0.07986 3;0.01453 4;0.00299 5;0.00200 6;0.00078 7;0.00033 8;0.00022 107;0.00011
http://dbpedia.org/property/country 39 1;0.95524 2;0.03824 3;0.00394 4;0.00140 5;0.00049 6;0.00016 7;0.00032 8;0.00005 9;0.00011 39;0.00005
http://dbpedia.org/property/monarch 7 1;0.97333 2;0.01867 4;0.00267 7;0.00533
http://dbpedia.org/property/location 292 1;0.61519 2;0.23129 3;0.06085 4;0.02326 5;0.01338 6;0.01243 7;0.00915 8;0.00734 9;0.00626 10;0.00380 11;0.00319 12;0.00224 13;0.00129 14;0.00134 15;0.00078 16;0.00043 17;0.00069 18;0.00069 19;0.00047 20;0.00043 21;0.00047 22;0.00026 23;0.00039 24;0.00035 25;0.00026 26;0.00039 27;0.00035 28;0.00013 29;0.00030 30;0.00026 31;0.00013 32;0.00013 33;0.00039 34;0.00026 35;0.00022 36;0.00013 37;0.00009 38;0.00013 39;0.00004 40;0.00004 41;0.00004 292;0.00004 45;0.00004 46;0.00004 47;0.00004 48;0.00004 137;0.00004 51;0.00004 52;0.00004 57;0.00004 64;0.00004 65;0.00009 75;0.00004 76;0.00004 90;0.00004 98;0.00004 124;0.00004
http://dbpedia.org/property/profession 5 1;0.75211 2;0.19718 3;0.03380 4;0.00845 5;0.00845
http://dbpedia.org/property/commons 1 1;1.00000
http://dbpedia.org/property/corType 2 1;0.96703 2;0.03297
http://dbpedia.org/property/opentheme 2 1;0.84375 2;0.15625
http://dbpedia.org/property/whs 3 1;0.96226 2;0.01887 3;0.01887
http://dbpedia.org/property/finalteam 1 1;1.00000
http://dbpedia.org/property/stance 1 1;1.00000
http://dbpedia.org/property/magnumOpus 1 1;1.00000
http://dbpedia.org/property/citizenship 3 1;0.84983 2;0.14016 3;0.01001
http://dbpedia.org/property/imageCoat 1 1;1.00000
http://dbpedia.org/property/executiveProducer 4 1;0.75714 2;0.23714 3;0.00286 4;0.00286
http://dbpedia.org/property/regent 10 1;0.71055 2;0.17089 3;0.06623 4;0.02862 5;0.01226 6;0.00409 7;0.00409 8;0.00082 9;0.00164 10;0.00082
http://dbpedia.org/property/pseudonym 1 1;1.00000
http://dbpedia.org/property/archbishopOf 4 1;0.96610 2;0.02663 3;0.00484 4;0.00242
http://dbpedia.org/property/shrine 5 1;0.68571 2;0.22857 3;0.05714 5;0.02857
http://dbpedia.org/property/residence 109 1;0.65718 2;0.28933 3;0.04319 4;0.00515 5;0.00147 6;0.00196 7;0.00098 8;0.00025 9;0.00025 109;0.00025
http://dbpedia.org/property/largestCity 1 1;1.00000
http://dbpedia.org/property/locmapin 1 1;1.00000
http://dbpedia.org/property/children 19 1;0.66173 2;0.17284 3;0.07160 4;0.02593 5;0.01975 6;0.00864 7;0.00988 8;0.00741 9;0.00741 10;0.00370 11;0.00494 12;0.00123 13;0.00123 14;0.00123 18;0.00123 19;0.00123
http://dbpedia.org/property/background 3 1;0.86364 2;0.09091 3;0.04545
http://dbpedia.org/property/s 12 1;0.84045 2;0.10349 3;0.01897 4;0.01768 5;0.00862 6;0.00431 7;0.00172 8;0.00129 9;0.00043 10;0.00043 11;0.00172 12;0.00086
http://dbpedia.org/property/odidebutagainst 1 1;1.00000
http://dbpedia.org/property/source 11 1;0.88450 2;0.09620 3;0.01069 4;0.00445 5;0.00208 6;0.00119 9;0.00030 10;0.00030 11;0.00030
http://dbpedia.org/property/canonizedBy 1 1;1.00000
http://dbpedia.org/property/international 3 1;0.89500 2;0.09000 3;0.01500
http://dbpedia.org/property/debutagainst 3 1;0.66257 2;0.33184 3;0.00559
http://dbpedia.org/property/realm 2 1;0.97059 2;0.02941
http://dbpedia.org/property/stateSenate 1 1;1.00000
http://dbpedia.org/property/beatifiedBy 2 1;0.97701 2;0.02299
http://dbpedia.org/property/narrated 5 1;0.73684 2;0.13158 3;0.07895 4;0.02632 5;0.02632
http://dbpedia.org/property/primeminister 4 1;0.76923 2;0.17949 3;0.02564 4;0.02564
http://dbpedia.org/property/subdivisionName 14 1;0.28108 2;0.58919 3;0.07703 4;0.02973 5;0.00811 6;0.00946 7;0.00270 9;0.00135 14;0.00135
http://dbpedia.org/property/party 30 1;0.67478 2;0.14837 3;0.06789 4;0.03343 5;0.02352 6;0.01568 7;0.01114 8;0.00970 9;0.00619 10;0.00351 11;0.00227 12;0.00083 13;0.00062 14;0.00083 15;0.00041 17;0.00041 19;0.00021 30;0.00021
http://dbpedia.org/property/canonizedPlace 2 1;0.33333 2;0.66667
http://dbpedia.org/property/parliament 8 8;0.01639 1;0.95082 2;0.01639 4;0.01639
http://dbpedia.org/property/species 8 1;0.94777 2;0.04297 3;0.00253 4;0.00168 5;0.00337 7;0.00084 8;0.00084
http://dbpedia.org/property/populationBlank 14 1;0.79370 2;0.12822 3;0.02706 4;0.00887 5;0.02795 6;0.00665 7;0.00266 8;0.00222 9;0.00089 10;0.00089 11;0.00044 14;0.00044
http://dbpedia.org/property/trainer 6 1;0.80519 2;0.14286 3;0.02597 4;0.01299 6;0.01299
http://dbpedia.org/property/almaMater 11 1;0.77137 2;0.17322 3;0.04430 4;0.00826 5;0.00171 6;0.00057 7;0.00014 9;0.00028 11;0.00014
http://dbpedia.org/property/more 1 1;1.00000
http://dbpedia.org/property/academicAdvisors 3 1;0.60000 2;0.20000 3;0.20000
http://dbpedia.org/property/imageShield 2 1;0.75000 2;0.25000
http://dbpedia.org/property/notableInstruments 2 1;0.70370 2;0.29630
http://dbpedia.org/property/occupation 22 1;0.66865 2;0.20286 3;0.07615 4;0.02796 5;0.01190 6;0.00654 7;0.00297 8;0.00178 9;0.00059 22;0.00059
http://dbpedia.org/property/spouse 27 1;0.83657 2;0.10305 3;0.02604 4;0.01496 5;0.00665 6;0.00499 7;0.00277 9;0.00055 10;0.00111 11;0.00111 14;0.00055 16;0.00055 22;0.00055 27;0.00055
http://dbpedia.org/property/mouth 1 1;1.00000
http://dbpedia.org/property/sbkManufacturers 6 1;0.46565 2;0.30534 3;0.12214 4;0.04580 5;0.03817 6;0.02290
http://dbpedia.org/property/stateHouse 1 1;1.00000
http://dbpedia.org/property/restingplace 4 1;0.81481 2;0.09877 3;0.06790 4;0.01852
http://dbpedia.org/property/listEpisodes 1 1;1.00000
http://dbpedia.org/property/ambassadorFrom 0
http://dbpedia.org/property/after 16 1;0.91519 2;0.06609 3;0.01129 4;0.00406 5;0.00178 6;0.00069 7;0.00010 8;0.00010 9;0.00030 10;0.00020 12;0.00010 16;0.00010
http://dbpedia.org/property/language 17 1;0.89408 2;0.07313 3;0.02002 4;0.00696 5;0.00174 6;0.00232 7;0.00029 9;0.00087 13;0.00029 17;0.00029
http://dbpedia.org/property/parents 18 1;0.70564 2;0.27872 3;0.00544 4;0.00136 5;0.00136 7;0.00068 8;0.00136 9;0.00068 10;0.00068 11;0.00068 14;0.00136 15;0.00068 16;0.00068 18;0.00068
http://dbpedia.org/property/coProducer 3 1;0.87500 2;0.06250 3;0.06250
http://dbpedia.org/property/otherparty 1 1;1.00000
http://dbpedia.org/property/free 16 1;0.70416 2;0.21271 3;0.04319 4;0.02078 5;0.01100 6;0.00326 7;0.00285 8;0.00041 9;0.00041 11;0.00041 13;0.00041 16;0.00041
http://dbpedia.org/property/state 54 1;0.96632 2;0.01329 3;0.00643 4;0.00399 5;0.00388 6;0.00188 7;0.00188 8;0.00055 9;0.00033 10;0.00022 11;0.00022 12;0.00011 13;0.00011 14;0.00011 19;0.00011 22;0.00011 32;0.00011 41;0.00011 45;0.00011 54;0.00011
http://dbpedia.org/property/deathPlace 5 1;0.76560 2;0.21477 3;0.01947 4;0.00008 5;0.00008
http://dbpedia.org/property/goldenhorseawards 0
http://dbpedia.org/property/250Manufacturers 5 1;0.68889 2;0.25556 3;0.04444 5;0.01111
http://dbpedia.org/property/currencyCode 1 1;1.00000
http://dbpedia.org/property/statsLeague 1 1;1.00000
http://dbpedia.org/property/nativeNameLang 3 1;0.96746 2;0.03004 3;0.00250
http://dbpedia.org/property/imageFlag 1 1;1.00000
http://dbpedia.org/property/battles 35 1;0.63402 2;0.18200 3;0.05758 4;0.02316 5;0.00993 6;0.01257 7;0.03243 8;0.00662 9;0.00596 10;0.00397 11;0.01059 12;0.00265 13;0.00199 14;0.00265 15;0.00132 16;0.00132 17;0.00463 18;0.00199 23;0.00066 25;0.00066 26;0.00066 28;0.00066 31;0.00066 32;0.00066 35;0.00066
http://dbpedia.org/property/shortname 1 1;1.00000
http://dbpedia.org/property/name 1799 1;0.50468 2;0.08429 3;0.03226 4;0.03954 5;0.03642 6;0.02393 7;0.02601 8;0.01769 9;0.01249 10;0.00937 11;0.00937 12;0.00832 13;0.00728 14;0.00520 15;0.00416 16;0.00520 17;0.01145 18;0.01145 19;0.00520 20;0.00624 21;0.01353 22;0.00832 23;0.01041 24;0.00312 25;0.00624 26;0.00312 27;0.00312 28;0.00416 29;0.00104 30;0.00416 31;0.00312 32;0.00416 33;0.00104 34;0.00416 35;0.00416 36;0.00520 37;0.00520 38;0.00208 40;0.00208 135;0.00208 42;0.00312 43;0.00416 44;0.00208 45;0.00208 263;0.00104 47;0.00104 48;0.00104 51;0.00208 58;0.00104 62;0.00104 63;0.00104 64;0.00104 190;0.00104 66;0.00104 193;0.00104 68;0.00104 69;0.00104 76;0.00104 78;0.00104 84;0.00208 87;0.00104 90;0.00208 92;0.00104 1799;0.00104 100;0.00104 529;0.00104 103;0.00104 105;0.00312 363;0.00104 113;0.00104 115;0.00104 150;0.00104 500;0.00104 504;0.00104 259;0.00104
